accuracy: 0.9623842592592593
auc_roc: 0.9946417069243156
f1: 0.9637074260189838
fn: 37.0
fp: 28.0
precision: 0.9685746352413019
recall: 0.9588888888888889
tn: 800.0
tp: 863.0
